# Polynomial reaction rate fit
# Chen et al.
# arXiv:2509.11743v1
0.0010    4.508E+04    1.001E+00
0.0020    4.497E+04    1.001E+00
0.0030    4.486E+04    1.001E+00
0.0040    4.475E+04    1.001E+00
0.0050    4.465E+04    1.001E+00
0.0060    4.455E+04    1.001E+00
0.0070    4.444E+04    1.001E+00
0.0080    4.434E+04    1.001E+00
0.0090    4.425E+04    1.001E+00
0.0100    4.415E+04    1.001E+00
0.0110    4.406E+04    1.001E+00
0.0120    4.396E+04    1.001E+00
0.0130    4.387E+04    1.001E+00
0.0140    4.378E+04    1.001E+00
0.0150    4.369E+04    1.001E+00
0.0160    4.360E+04    1.001E+00
0.0180    4.343E+04    1.001E+00
0.0200    4.327E+04    1.001E+00
0.0250    4.287E+04    1.001E+00
0.0300    4.249E+04    1.001E+00
0.0400    4.179E+04    1.001E+00
0.0500    4.116E+04    1.001E+00
0.0600    4.057E+04    1.001E+00
0.0700    4.002E+04    1.001E+00
0.0800    3.950E+04    1.001E+00
0.0900    3.901E+04    1.001E+00
0.1000    3.855E+04    1.001E+00
0.1100    3.811E+04    1.001E+00
0.1200    3.769E+04    1.001E+00
0.1300    3.730E+04    1.001E+00
0.1400    3.692E+04    1.001E+00
0.1500    3.655E+04    1.001E+00
0.1600    3.620E+04    1.001E+00
0.1800    3.555E+04    1.001E+00
0.2000    3.494E+04    1.001E+00
0.2500    3.360E+04    1.001E+00
0.3000    3.247E+04    1.001E+00
0.3500    3.152E+04    1.001E+00
0.4000    3.069E+04    1.001E+00
0.4500    2.998E+04    1.001E+00
0.5000    2.936E+04    1.001E+00
0.6000    2.835E+04    1.001E+00
0.7000    2.757E+04    1.001E+00
0.8000    2.698E+04    1.001E+00
0.9000    2.652E+04    1.001E+00
1.0000    2.618E+04    1.001E+00
1.2500    2.569E+04    1.001E+00
1.5000    2.555E+04    1.001E+00
1.7500    2.565E+04    1.002E+00
2.0000    2.592E+04    1.002E+00
2.5000    2.675E+04    1.002E+00
3.0000    2.782E+04    1.002E+00
3.5000    2.796E+04    1.078E+00
4.0000    2.911E+04    1.078E+00
5.0000    3.159E+04    1.078E+00
6.0000    3.414E+04    1.078E+00
7.0000    3.666E+04    1.078E+00
8.0000    3.911E+04    1.078E+00
9.0000    4.145E+04    1.078E+00
10.0000    4.369E+04    1.078E+00