# GP, 17 April 2026
# Launders et al.
# arXiv:2604.16600
0.0010    1.563E-45    1.093E+00
0.0020    1.556E-20    1.085E+00
0.0030    3.220E-12    1.082E+00
0.0040    4.560E-08    1.079E+00
0.0050    1.403E-05    1.076E+00
0.0060    6.384E-04    1.074E+00
0.0070    9.772E-03    1.073E+00
0.0080    7.581E-02    1.071E+00
0.0090    3.742E-01    1.069E+00
0.0100    1.347E+00    1.068E+00
0.0110    3.855E+00    1.066E+00
0.0120    9.294E+00    1.065E+00
0.0130    1.964E+01    1.064E+00
0.0140    3.744E+01    1.062E+00
0.0150    6.571E+01    1.061E+00
0.0160    1.079E+02    1.059E+00
0.0180    2.487E+02    1.057E+00
0.0200    4.906E+02    1.054E+00
0.0250    1.735E+03    1.049E+00
0.0300    4.218E+03    1.044E+00
0.0400    1.407E+04    1.037E+00
0.0500    3.159E+04    1.031E+00
0.0600    5.746E+04    1.027E+00
0.0700    9.189E+04    1.025E+00
0.0800    1.348E+05    1.023E+00
0.0900    1.860E+05    1.021E+00
0.1000    2.452E+05    1.020E+00
0.1100    3.119E+05    1.019E+00
0.1200    3.859E+05    1.019E+00
0.1300    4.668E+05    1.018E+00
0.1400    5.541E+05    1.018E+00
0.1500    6.475E+05    1.017E+00
0.1600    7.466E+05    1.017E+00
0.1800    9.607E+05    1.017E+00
0.2000    1.194E+06    1.016E+00
0.2500    1.845E+06    1.016E+00
0.3000    2.570E+06    1.015E+00
0.3500    3.348E+06    1.015E+00
0.4000    4.161E+06    1.015E+00
0.4500    4.997E+06    1.014E+00
0.5000    5.847E+06    1.014E+00
0.6000    7.565E+06    1.014E+00
0.7000    9.276E+06    1.014E+00
0.8000    1.096E+07    1.014E+00
0.9000    1.261E+07    1.014E+00
1.0000    1.421E+07    1.015E+00
1.2500    1.798E+07    1.016E+00
1.5000    2.139E+07    1.018E+00
1.7500    2.440E+07    1.019E+00
2.0000    2.699E+07    1.020E+00
2.5000    3.091E+07    1.022E+00
3.0000    3.335E+07    1.024E+00
3.5000    3.463E+07    1.025E+00
4.0000    3.506E+07    1.026E+00
5.0000    3.434E+07    1.027E+00
6.0000    3.254E+07    1.028E+00
7.0000    3.037E+07    1.028E+00
8.0000    2.815E+07    1.029E+00
9.0000    2.603E+07    1.029E+00
10.0000    2.407E+07    1.029E+00