# GP, 17 April 2026
# Launders et al.
# arXiv:2604.16600
0.0010    1.446E-45    1.087E+00
0.0020    1.443E-20    1.082E+00
0.0030    2.996E-12    1.079E+00
0.0040    4.255E-08    1.077E+00
0.0050    1.313E-05    1.075E+00
0.0060    5.991E-04    1.073E+00
0.0070    9.198E-03    1.071E+00
0.0080    7.157E-02    1.069E+00
0.0090    3.543E-01    1.067E+00
0.0100    1.279E+00    1.066E+00
0.0110    3.672E+00    1.064E+00
0.0120    8.878E+00    1.062E+00
0.0130    1.882E+01    1.060E+00
0.0140    3.596E+01    1.059E+00
0.0150    6.328E+01    1.057E+00
0.0160    1.041E+02    1.055E+00
0.0180    2.412E+02    1.052E+00
0.0200    4.780E+02    1.049E+00
0.0250    1.705E+03    1.042E+00
0.0300    4.167E+03    1.037E+00
0.0400    1.397E+04    1.029E+00
0.0500    3.138E+04    1.024E+00
0.0600    5.695E+04    1.020E+00
0.0700    9.071E+04    1.018E+00
0.0800    1.324E+05    1.017E+00
0.0900    1.818E+05    1.016E+00
0.1000    2.383E+05    1.015E+00
0.1100    3.015E+05    1.015E+00
0.1200    3.710E+05    1.015E+00
0.1300    4.463E+05    1.014E+00
0.1400    5.270E+05    1.014E+00
0.1500    6.127E+05    1.014E+00
0.1600    7.031E+05    1.014E+00
0.1800    8.963E+05    1.014E+00
0.2000    1.104E+06    1.014E+00
0.2500    1.675E+06    1.013E+00
0.3000    2.301E+06    1.013E+00
0.3500    2.963E+06    1.013E+00
0.4000    3.651E+06    1.013E+00
0.4500    4.356E+06    1.012E+00
0.5000    5.072E+06    1.012E+00
0.6000    6.520E+06    1.012E+00
0.7000    7.972E+06    1.012E+00
0.8000    9.414E+06    1.012E+00
0.9000    1.084E+07    1.012E+00
1.0000    1.223E+07    1.013E+00
1.2500    1.558E+07    1.015E+00
1.5000    1.868E+07    1.017E+00
1.7500    2.147E+07    1.020E+00
2.0000    2.391E+07    1.023E+00
2.5000    2.771E+07    1.027E+00
3.0000    3.017E+07    1.030E+00
3.5000    3.153E+07    1.032E+00
4.0000    3.209E+07    1.034E+00
5.0000    3.165E+07    1.036E+00
6.0000    3.014E+07    1.037E+00
7.0000    2.823E+07    1.039E+00
8.0000    2.623E+07    1.039E+00
9.0000    2.430E+07    1.040E+00
10.0000    2.251E+07    1.040E+00