# GP, 17 April 2026
# Launders et al.
# arXiv:2604.16600
0.0010    5.498E-50    1.053E+00
0.0020    5.439E-25    1.051E+00
0.0030    1.119E-16    1.050E+00
0.0040    1.575E-12    1.049E+00
0.0050    4.817E-10    1.048E+00
0.0060    2.179E-08    1.047E+00
0.0070    3.314E-07    1.047E+00
0.0080    2.555E-06    1.046E+00
0.0090    1.253E-05    1.046E+00
0.0100    4.480E-05    1.045E+00
0.0110    1.274E-04    1.045E+00
0.0120    3.051E-04    1.044E+00
0.0130    6.405E-04    1.044E+00
0.0140    1.213E-03    1.043E+00
0.0150    2.114E-03    1.042E+00
0.0160    3.446E-03    1.042E+00
0.0180    7.837E-03    1.041E+00
0.0200    1.525E-02    1.040E+00
0.0250    5.216E-02    1.038E+00
0.0300    1.228E-01    1.036E+00
0.0400    3.870E-01    1.033E+00
0.0500    8.296E-01    1.030E+00
0.0600    1.454E+00    1.028E+00
0.0700    2.256E+00    1.027E+00
0.0800    3.230E+00    1.026E+00
0.0900    4.367E+00    1.025E+00
0.1000    5.660E+00    1.025E+00
0.1100    7.100E+00    1.024E+00
0.1200    8.680E+00    1.024E+00
0.1300    1.039E+01    1.023E+00
0.1400    1.223E+01    1.023E+00
0.1500    1.419E+01    1.023E+00
0.1600    1.626E+01    1.023E+00
0.1800    2.072E+01    1.023E+00
0.2000    2.558E+01    1.022E+00
0.2500    3.923E+01    1.022E+00
0.3000    5.471E+01    1.022E+00
0.3500    7.172E+01    1.022E+00
0.4000    9.001E+01    1.022E+00
0.4500    1.094E+02    1.022E+00
0.5000    1.298E+02    1.022E+00
0.6000    1.730E+02    1.022E+00
0.7000    2.190E+02    1.022E+00
0.8000    2.673E+02    1.022E+00
0.9000    3.175E+02    1.023E+00
1.0000    3.694E+02    1.024E+00
1.2500    5.039E+02    1.026E+00
1.5000    6.408E+02    1.028E+00
1.7500    7.744E+02    1.030E+00
2.0000    8.993E+02    1.032E+00
2.5000    1.111E+03    1.035E+00
3.0000    1.264E+03    1.038E+00
3.5000    1.365E+03    1.039E+00
4.0000    1.423E+03    1.041E+00
5.0000    1.450E+03    1.043E+00
6.0000    1.411E+03    1.044E+00
7.0000    1.341E+03    1.045E+00
8.0000    1.259E+03    1.045E+00
9.0000    1.177E+03    1.046E+00
10.0000    1.097E+03    1.046E+00